#' @name csapAIH-package
#' @aliases csapAIH-package
#' @docType package
#' @title csapAIH
#' @description Classifies ICD-10 codes according to the Brazilian List of Hospitalization for Primary Care Sensitive Conditions ('Lista Brasileira de Internações por Condições Sensíveis à Atenção Primária') and affords other functions, particularly to the management of the files from the Hospital Admission Authorization Form 'AIH files -- arquivos da AIH' of the Brazilian Unified Health System ('Sistema Único de Saúde'), i.e. the 'RD??????.DBF/DBC' files from 'BD-SIH/SUS'.
#' @details O pacote tem apenas uma função, \code{csapAIH()}, que permite trabalhar com um objeto no espaço de trabalho ou ler um arquivo com os dados. Se os dados tiverem a estrutura dos "arquivos da AIH" com uma definição mínima de variáveis, a função, com suas opções padrão, além de classificar a internação em CSAP, computa a idade em anos completos e em duas classificações etárias e permite a exclusão das AIHs de "longa permanência" e internações por alguns procedimentos obstétricos definidos. Veja o manual para detalhes.
#'
#' @keywords package
#' @keywords CSAP, ACSC, PHCSC
#' @keywords AIH-SUS

.Random.seed <-
c(403L, 10L, -794778136L, -409710613L, -152244087L, -824876008L,
-1241058490L, 246051233L, 1602183219L, -1043599966L, 1541937300L,
-1796993257L, 984492301L, 2046967844L, -418889718L, 682190197L,
245359823L, 334989270L, 1898104704L, 222960579L, -316863135L,
-1577544752L, 2090820398L, 1099562713L, 1611500779L, -1995387558L,
1955012380L, -1383261665L, 1616407157L, -1108908276L, 1731820258L,
200097725L, -19199945L, -1934949666L, -588374504L, 1808720251L,
1022130457L, 1370752424L, -1529550506L, -192890415L, 766212483L,
896002066L, -1140610140L, -221365401L, -493608771L, -1242646476L,
143637402L, 2021390309L, -1271159937L, 1314054918L, 1780845712L,
1415331123L, -2006869295L, -759299968L, 750754142L, 948932265L,
-1893099173L, -56642710L, 207534604L, -435148209L, -352237819L,
1887801276L, 42969746L, 1585525133L, -1670309433L, -1435702610L,
863363848L, -1824005877L, -956768279L, 62195896L, 2098806630L,
-1371157503L, -1423730029L, -576197310L, -918166796L, -1014280457L,
-515551507L, 1564506500L, -291145814L, -1912902379L, -707213393L,
-1694423114L, -1402077728L, -1385294557L, 837503553L, 1630561584L,
-2105786546L, 581903801L, -1588971573L, -846214022L, 2059242876L,
-287414849L, -332070251L, 245481644L, 1682459266L, -1538768291L,
93443415L, -1843193794L, -1240777608L, 1663453019L, 685163193L,
1060912904L, -1158212170L, 252619505L, -1708384989L, -1937369230L,
-921528892L, 553995655L, -1242349731L, 431378772L, 1820459898L,
395842245L, -1194257377L, 1887568806L, 193418544L, 1209276371L,
-145967631L, -454565088L, -576287298L, -757045815L, -1618454149L,
-1017209014L, 994058156L, 1164256943L, 980767845L, -1662766052L,
517020274L, 596974829L, 760554791L, -892423858L, 438002088L,
-723085909L, -867062071L, 727095000L, 1277262726L, -2062135711L,
-1804249101L, 1916504674L, -716321580L, -1091424809L, -750843955L,
1727476580L, 523032394L, -1887277387L, 1096451599L, -669452522L,
195908032L, -836603517L, -1577523295L, 2082981776L, 847748206L,
1828227609L, 1326690987L, -2098936166L, -445377956L, 1836781407L,
-1736990411L, -1906720564L, -86521310L, 1801544829L, 321191287L,
-262344034L, -48488104L, 1331902651L, -1676294567L, -846268952L,
-182996970L, 1364966289L, 1229341763L, 1577565010L, 1753849828L,
-598720985L, 484578941L, -480049292L, 980187994L, -2035069531L,
-629282369L, 1197457990L, 1336332496L, 2127358707L, 1108691985L,
788642368L, -1950933474L, 464369897L, 1695848987L, 1421429290L,
676830540L, -1767522545L, 499278405L, 343835644L, 1325365842L,
-1619302451L, -1779494521L, -1423858578L, -1614021560L, -1440291253L,
-332276823L, 777179896L, -2004453850L, -1137971391L, 96941267L,
287283330L, 596874932L, 2030555703L, -1428219603L, -612369852L,
462948202L, 382342101L, -1019370129L, 1257988214L, -1430221920L,
1707027555L, -315483903L, -1937730448L, -985264114L, -1110077319L,
1920585739L, -777674438L, 1317978172L, 1512351615L, -1393148715L,
-614194964L, -346564030L, -1995932259L, 650135575L, 421875070L,
-387239112L, -145675237L, 988894585L, -402993204L, 1785867744L,
-2145063390L, 833087784L, -184635124L, -1445587396L, 1455300850L,
940112624L, 1506591556L, 2140219992L, 504869434L, -1817123088L,
-383386436L, -1739944428L, 1849704642L, -1735970720L, 415567228L,
-1968505648L, -917685214L, 1862990504L, 1980379020L, -2087331396L,
1927410738L, 1916843840L, 984414388L, 252814152L, 600341178L,
417935120L, 1136908524L, -367397804L, -780277998L, 1146409888L,
-2008940596L, -739914912L, 1338970306L, -517319128L, -1100249684L,
1027931964L, 2139049842L, -1111203024L, -1473527260L, 1894871096L,
-41005862L, 16187792L, 940893948L, -855720044L, -1664867518L,
-654075392L, 1025876540L, -781937072L, -1748315486L, 1560243016L,
1843640844L, -2040378148L, -1022336430L, 312572032L, 2051627860L,
1475375592L, -1426887942L, -1597049008L, 1714078764L, -1436625548L,
-458502510L, 149330528L, 2029245068L, 1982991200L, -1370909982L,
-112002904L, 1353306316L, 902361596L, -1323507790L, 81876464L,
-1273877052L, 1048946520L, -464151686L, -90014288L, -324329028L,
553898068L, -95243326L, 1279021856L, -870148164L, 641495632L,
1454751202L, -1451605656L, -1977651892L, -283946756L, -382754062L,
597827328L, 1209548404L, 471404552L, -1946492486L, -2070396976L,
191093228L, 1921996692L, 1546519250L, 1061027424L, -1732090548L,
-204020448L, 267061890L, -1309943320L, -242229268L, -1973647812L,
-1331530126L, 1868475248L, -1089627868L, -815181256L, -1843664486L,
-1617036848L, 1664132540L, -975357804L, -1604479870L, -500349504L,
1480993596L, -227005296L, -914650334L, 581850632L, -940550900L,
316032412L, -1418519022L, 756525952L, 738280212L, -777453272L,
1660970042L, 1128729552L, 1114114668L, -860044748L, 339004050L,
260580704L, 494811468L, 660727776L, -389712478L, -2019752536L,
1440974476L, 420928956L, -2143748494L, -159484944L, -1180176828L,
1513381976L, -305043398L, -1888898960L, 597203004L, 90718484L,
1330324162L, 1331439328L, 2129606780L, 946075344L, -1392969310L,
-1383180248L, 1969564428L, -19994180L, 1251255090L, 21670592L,
-2010985420L, -1573855544L, -111561542L, 1776285328L, -508678420L,
-1537115564L, 1474945682L, 1267886368L, -1453714996L, -1423187232L,
-1600700222L, 1332800552L, -517195860L, -921097540L, 659471346L,
-688998864L, 783060900L, 412732856L, 999274330L, 1061925008L,
944974716L, 1280368916L, -631764670L, -169316096L, 823721404L,
-1279229616L, 546363682L, -189392312L, -66719732L, -1663793572L,
1451256274L, -541026816L, 1543873876L, 90516712L, 1921315066L,
-1900017968L, 1634036524L, 1152561396L, -85821038L, 909344096L,
-711189492L, 1814584544L, -1662840222L, -510688088L, -1006101428L,
1459603324L, 1368086834L, -1732361616L, 1067991876L, -1682381864L,
-1905429638L, 1592514608L, 1961340860L, -1570655660L, -404189118L,
-1805119840L, -891272516L, -786109488L, -559825566L, 1702792936L,
-483038004L, 1078977020L, 214515186L, 1427121280L, 1863428596L,
-303904120L, -151217350L, 1318194512L, -669889428L, 2106021268L,
1475248210L, -1966400032L, -59943732L, 75841184L, 1403056514L,
508470508L, 1075153146L, 72866095L, 1476664633L, 1916161870L,
-1773378148L, -1248123123L, 1476407671L, -1541167744L, 1446015966L,
-1504084821L, -342145107L, 592690202L, -1491291432L, -1564869823L,
-2106491917L, -445757932L, -1401249886L, 1562108087L, 1131281025L,
-1499157882L, -1556108604L, -1472541707L, 1871110751L, -588778312L,
1505350038L, -1621652573L, 315912037L, -720574846L, -106679312L,
833971609L, 933219211L, 1934542460L, -124322646L, -903524641L,
-1213086615L, 1948343934L, 1273501292L, -1612178755L, -1787254905L,
150905712L, 455152142L, 1771544379L, 1019356189L, -1374130998L,
-189515800L, 1624573137L, -1065742141L, -1190258748L, -267307918L,
676523335L, 347881745L, -979147626L, -1799546380L, 1397418885L,
1315234511L, -836730936L, 1209980518L, 1809299603L, -1618335755L,
-2038824494L, -1263064544L, 521126921L, 1290647867L, -789934964L,
